<ticker>,<date>,<open>,<high>,<low>,<close>,<vol>
ACU,20030102,3.76,3.76,3.76,3.76,0
AE,20030102,5.34,5.35,5.34,5.35,1400
AGT,20030102,2.22,2.25,2.2,2.2,3600
AIM,20030102,19.5,19.5,19.41,19.41,900
AMS,20030102,4.16,4.16,4.15,4.15,600
APT,20030102,0.85,0.89,0.84,0.87,18800
AWX,20030102,1.95,2.05,1.95,2.05,1100
BCV,20030102,17.79,18.14,17.79,18.14,2300
BDL,20030102,6.1,6.1,5.9,6.05,9300
BDR,20030102,1.65,1.8,1.65,1.75,3200
BHB,20030102,12.8667,12.9333,12.8,12.8,2400
BRN,20030102,3.347,3.347,3.347,3.347,0
CCF,20030102,5.725,5.725,5.7,5.725,3300
CEF,20030102,4.77,4.78,4.6,4.64,171700
CET,20030102,16.46,16.7,16.46,16.65,5600
CEV,20030102,14.14,14.2,14.14,14.2,8200
CKX,20030102,5.2,5.2,5.2,5.2,0
CLM,20030102,93.6,95.2,93.6,94.88,6500
CMT,20030102,1.1,1.11,1.1,1.1,2600
CPI,20030102,8.35,8.35,8.35,8.35,0
CRF,20030102,92,92.72,91.2,92.72,6800
CSM,20030102,2.275,2.275,2.275,2.275,1800
CVM,20030102,52.5,52.5,47.5,52.5,136300
CVR,20030102,22.8,23,22.8,23,500
CVU,20030102,4.4,4.41,4.38,4.38,11300
CYB,20030102,1.25,1.4,1.21,1.4,8800
DGT,20030102,50.39,51.6,50.39,51.6,4300
DIA,20030102,84.15,86.33,83.95,86.18,7459900
DIT,20030102,36,36,33,33,1233
DLA,20030102,7.625,7.63,7.58,7.58,900
DMF,20030102,8.79,8.86,8.76,8.86,13200
DSI,20030102,9.6,9.88,9.58,9.88,8500
ECF,20030102,7.44,7.75,7.44,7.75,11300
EFA,20030102,33.247,33.763,33.09,33.666,286900
EIM,20030102,13.3,13.63,13.3,13.56,121300
ENX,20030102,13.41,13.87,13.41,13.87,41200
EPP,20030102,14.4641,14.5661,14.4641,14.5661,9500
ERC,20030102,21.563,21.563,21.563,21.563,0
ESP,20030102,9.705,9.705,9.705,9.705,0
EVM,20030102,13.29,13.44,13.29,13.3,33800
EVV,20030102,0.05,0.05,0.05,0.05,0
EWA,20030102,9.19,9.3,9.12,9.25,13200
EWC,20030102,9.65,9.7,9.45,9.69,12700
EWD,20030102,9.76,10.04,9.76,10.04,7600
EWG,20030102,10.15,10.48,10.15,10.4,140600
EWH,20030102,7.43,7.56,7.38,7.56,53700
EWI,20030102,29.84,30.2,29.82,30.2,400
EWJ,20030102,28,28.4,28,28.32,1529000
EWK,20030102,9.92,10.19,9.91,10.19,3200
EWL,20030102,11.17,11.25,11.06,11.22,15900
EWM,20030102,20.24,20.24,19.84,20.24,47100
EWN,20030102,13.56,13.79,13.56,13.79,1200
EWO,20030102,8.52,8.62,8.52,8.54,46100
EWP,20030102,17.96,17.96,17.96,17.96,200
EWQ,20030102,14.84,15.34,14.84,15.3,9800
EWS,20030102,8.68,8.78,8.52,8.78,20200
EWT,20030102,16.58,16.58,16.38,16.58,39500
EWU,20030102,24.4,24.6,24.2,24.58,67100
EWW,20030102,12.79,13.29,12.79,13.29,36800
EWY,20030102,18.69,18.99,18.46,18.78,32900
EWZ,20030102,8.11,8.29,7.97,8.05,135700
EZM,20030102,2.85,2.8667,2.85,2.8667,8100
EZU,20030102,22.05,22.4,21.95,22.4,15600
FAX,20030102,4.63,4.64,4.54,4.57,477300
FRD,20030102,2.49,2.49,2.49,2.49,800
FSI,20030102,3.45,3.45,3.45,3.45,0
FTF,20030102,23.25,23.25,23.25,23.25,0
GBR,20030102,3.53,3.63,3.53,3.63,800
GRN,20030102,2.05,2.1,2,2.07,17700
HHH,20030102,24.82,25.8,24.82,25.72,34400
IAF,20030102,5.89,5.93,5.89,5.93,2900
ICF,20030102,41.025,41.025,40.7,40.94,43800
IDU,20030102,48.3,49.09,48.13,49.09,112600
IEV,20030102,23.89,24.355,23.875,24.295,76500
IG,20030102,0.54,0.55,0.54,0.55,5500
IGC,20030102,32,32,32,32,1000
IGE,20030102,13.618,13.828,13.588,13.828,2100
IGM,20030102,30.5,31.41,30.19,31.4,28400
IGN,20030102,13.9,14.6,13.9,14.6,31900
IGV,20030102,25.75,26.45,25.72,26.45,22100
IHT,20030102,1.35,1.35,1.25,1.25,2100
IJH,20030102,43.25,44.21,42.88,44.21,30400
IJJ,20030102,20.175,20.505,19.9275,20.4625,131900
IJK,20030102,11.4625,11.7313,11.4625,11.7163,60100
IJR,20030102,16.3905,16.6835,16.2585,16.6835,460300
IJS,20030102,18.3125,18.675,18.205,18.675,95900
ILF,20030102,7.448,7.468,7.404,7.468,2300
IMO,20030102,9.524,9.674,9.51,9.66,37500
IOO,20030102,22.15,22.725,22.15,22.665,13500
IVE,20030102,43.3,44.54,43.19,44.2,325700
IVV,20030102,89.19,91.18,88.63,91.16,215200
IVW,20030102,11.3125,11.6075,11.3025,11.6,168300
IWB,20030102,47.11,48.34,47,48.32,214800
IWD,20030102,46.51,47.48,46.11,47.45,1083500
IWF,20030102,36.8,37.77,36.7,37.75,1201000
IWM,20030102,38.25,39.025,38.035,38.95,2007100
IWN,20030102,37.463,38.225,37.246,38.225,357300
IWO,20030102,40.36,41.25,40.01,41.2,541900
IWP,20030102,26.025,26.835,26.025,26.835,3900
IWR,20030102,12.175,12.525,12.175,12.5125,53100
IWS,20030102,23.144,23.606,23.144,23.606,79100
IWV,20030102,49.5,50.57,49.13,50.57,127600
IXC,20030102,15.415,15.614,15.385,15.614,5500
IXG,20030102,43.64,44.24,43.64,44.24,3200
IXJ,20030102,20.335,20.625,20.33,20.625,3200
IXN,20030102,35.19,35.94,35.19,35.94,6600
IXP,20030102,37.19,38.04,37.19,38.04,3400
IYC,20030102,42.3,43.39,42.15,43.2,6400
IYE,20030102,13.22,13.503,13.22,13.483,20400
IYF,20030102,69,70.64,68.6,70.5,31900
IYG,20030102,79.44,80.98,78.6,80.98,16200
IYH,20030102,49,49.85,48.74,49.85,26800
IYJ,20030102,37.65,38.6,37.59,38.6,15800
IYK,20030102,41.1,41.7,41,41.53,25000
IYM,20030102,34.68,35.26,34.41,35.23,14100
IYR,20030102,38.67,38.75,38.55,38.65,41100
IYW,20030102,32.7,33.84,32.69,33.76,28100
IYY,20030102,41.42,42.32,41.36,42.27,31000
IYZ,20030102,19.55,20.25,19.4,20.19,90400
JOB,20030102,4.9,4.9,4.9,4.9,500
LGL,20030102,7.75,7.75,7.75,7.75,0
LNG,20030102,0.65,0.65,0.65,0.65,5100
LQD,20030102,108.97,108.97,107.01,107.33,66700
MDY,20030102,79,81.2,78.6,81.2,1550300
MLN,20030102,9.25,9.26,9.25,9.26,9600
MNM,20030102,8.75,8.75,8.75,8.75,600
MSN,20030102,4.87,5.48,4.87,5.16,110000
MXC,20030102,4,4,4,4,0
NBH,20030102,13.51,13.6,13.39,13.58,26200
NBO,20030102,13.45,13.6,13.45,13.6,28900
NBW,20030102,13.2,13.2,13.11,13.12,4400
NBY,20030102,625,632.5,625,632.5,1700
NEN,20030102,13.9833,13.9833,13.8333,13.8333,300
NG,20030102,3.28,3.4,3.28,3.32,20300
NHC,20030102,17.75,18.25,17.5,18.25,10900
NML,20030102,8.55,8.55,8.55,8.55,2000
OEF,20030102,45.19,46.2,44.81,46.2,52100
OIH,20030102,384.534,396.334,382.266,395.334,452500
PCG-A,20030102,18,18,18,18,1500
PCG-B,20030102,16.6,17.25,16.6,17.25,3900
PCG-C,20030102,14.86,15.1,14.86,15.1,700
PCG-D,20030102,15.25,15.35,15.01,15.01,1200
PCG-E,20030102,15.35,15.85,15.35,15.85,500
PCG-G,20030102,14.65,14.65,14.65,14.65,500
PCG-H,20030102,14.6,15,14.6,15,500
PCG-I,20030102,11.5,11.5,11.5,11.5,0
PGF,20030102,18.9,19.2,18.9,19.19,3300
PRK,20030102,98.7,99.5,98.21,99.25,8100
PTN,20030102,1.98,1.98,1.9,1.9,7600
PW,20030102,8.9,8.9,8.8,8.8,700
PZA,20030102,1.19,1.19,1.19,1.19,0
RVP,20030102,3.8,3.8,3.75,3.75,7700
RWR,20030102,38.795,38.858,38.715,38.858,46500
SBB,20030102,39.04,39.04,39.04,39.04,0
SCC,20030102,268.8,268.8,268.8,268.8,0
SDP,20030102,301.44,301.44,301.44,301.44,0
SEB,20030102,242,242,242,242,50
SHM,20030102,0.4,0.42,0.38,0.4,81400
SIF,20030102,2.59,2.6,2.4,2.45,10600
SIL,20030102,43.35,44.4,43.35,44.19,182900
SIM,20030102,0.9,0.9,0.9,0.9,0
SLI,20030102,5.3,5.3,5.3,5.3,0
SPY,20030102,88.85,91.3,88.54,91.07,44643400
SRS,20030102,219,222,216.6,221.4,26200
SSY,20030102,2.48,2.49,2.48,2.49,300
SVT,20030102,3.55,3.55,3.55,3.55,0
TMP,20030102,40.09,40.27,40.01,40.23,4400
TRT,20030102,2.14,2.24,2.14,2.24,1500
UUU,20030102,3.795,4.163,3.795,4.163,266
VFL,20030102,15.15,15.3,15.15,15.25,3300
VGZ,20030102,4.08,4.08,3.91,4.03,287800
VKI,20030102,14.5,14.5,14.2,14.35,25700
VTI,20030102,41.7,42.525,41.44,42.5,221000
VXF,20030102,24.955,25.45,24.92,25.45,6000
VYM,20030102,14.11,14.36,14.11,14.36,8400
WTT,20030102,1.97,1.97,1.93,1.93,8200
XLB,20030102,20.04,20.37,19.85,20.36,316900
XLE,20030102,22.45,22.83,22.42,22.8,75700
XLF,20030102,17.9268,18.5447,17.9268,18.5366,717100
XLG,20030102,2.75,2.75,2.65,2.75,53200
XLI,20030102,20.83,21.26,20.62,21.12,320600
XLK,20030102,14.9,15.6,14.88,15.6,2072200
XLP,20030102,20.01,20.35,20.01,20.32,365000
XLU,20030102,19.38,19.65,19.21,19.6,525000
XLV,20030102,26.75,27.32,26.7,27.27,102000
XLY,20030102,23.33,23.98,23.25,23.98,81100

<ticker>,<date>,<open>,<high>,<low>,<close>,<vol>
ACU,20030101,3.76,3.76,3.76,3.76,0
AE,20030101,5.25,5.25,5.25,5.25,0
AGT,20030101,2.22,2.22,2.22,2.22,0
AIM,20030101,19.41,19.41,19.41,19.41,0
AMS,20030101,4.11,4.11,4.11,4.11,0
APT,20030101,0.84,0.84,0.84,0.84,0
AWX,20030101,2,2,2,2,0
BCV,20030101,17.69,17.69,17.69,17.69,0
BDL,20030101,6.1,6.1,6.1,6.1,0
BDR,20030101,1.6,1.6,1.6,1.6,0
BHB,20030101,12.8667,12.8667,12.8667,12.8667,0
BRN,20030101,3.347,3.347,3.347,3.347,0
CCF,20030101,5.725,5.725,5.725,5.725,0
CEF,20030101,4.77,4.77,4.77,4.77,0
CET,20030101,16.28,16.28,16.28,16.28,0
CEV,20030101,14,14,14,14,0
CKX,20030101,5.2,5.2,5.2,5.2,0
CLM,20030101,93.6,93.6,93.6,93.6,0
CMT,20030101,1.1,1.1,1.1,1.1,0
CPI,20030101,8.35,8.35,8.35,8.35,0
CRF,20030101,90.8,90.8,90.8,90.8,0
CSM,20030101,2.285,2.285,2.285,2.285,0
CVM,20030101,52.5,52.5,52.5,52.5,0
CVR,20030101,22.6,22.6,22.6,22.6,0
CVU,20030101,4.4,4.4,4.4,4.4,0
CYB,20030101,1.4,1.4,1.4,1.4,0
DGT,20030101,50,50,50,50,0
DIA,20030101,83.51,83.51,83.51,83.51,0
DIT,20030101,36,36,36,36,0
DLA,20030101,7.7,7.7,7.7,7.7,0
DMF,20030101,8.89,8.89,8.89,8.89,0
DSI,20030101,9.65,9.65,9.65,9.65,0
ECF,20030101,7.45,7.45,7.45,7.45,0
EFA,20030101,32.97,32.97,32.97,32.97,0
EIM,20030101,13.42,13.42,13.42,13.42,0
ENX,20030101,13.47,13.47,13.47,13.47,0
EPP,20030101,14.3197,14.3197,14.3197,14.3197,0
ERC,20030101,21.563,21.563,21.563,21.563,0
ESP,20030101,9.705,9.705,9.705,9.705,0
EVM,20030101,13.25,13.25,13.25,13.25,0
EVV,20030101,0.05,0.05,0.05,0.05,0
EWA,20030101,9.08,9.08,9.08,9.08,0
EWC,20030101,9.44,9.44,9.44,9.44,0
EWD,20030101,9.55,9.55,9.55,9.55,0
EWG,20030101,9.84,9.84,9.84,9.84,0
EWH,20030101,7.43,7.43,7.43,7.43,0
EWI,20030101,29.2,29.2,29.2,29.2,0
EWJ,20030101,27.8,27.8,27.8,27.8,0
EWK,20030101,9.87,9.87,9.87,9.87,0
EWL,20030101,11.11,11.11,11.11,11.11,0
EWM,20030101,20.08,20.08,20.08,20.08,0
EWN,20030101,13.21,13.21,13.21,13.21,0
EWO,20030101,8.61,8.61,8.61,8.61,0
EWP,20030101,17.71,17.71,17.71,17.71,0
EWQ,20030101,14.8,14.8,14.8,14.8,0
EWS,20030101,8.54,8.54,8.54,8.54,0
EWT,20030101,16.3,16.3,16.3,16.3,0
EWU,20030101,24.3,24.3,24.3,24.3,0
EWW,20030101,12.45,12.45,12.45,12.45,0
EWY,20030101,18.35,18.35,18.35,18.35,0
EWZ,20030101,7.98,7.98,7.98,7.98,0
EZM,20030101,2.9,2.9,2.9,2.9,0
EZU,20030101,21.75,21.75,21.75,21.75,0
FAX,20030101,4.63,4.63,4.63,4.63,0
FRD,20030101,2.47,2.47,2.47,2.47,0
FSI,20030101,3.45,3.45,3.45,3.45,0
FTF,20030101,23.25,23.25,23.25,23.25,0
GBR,20030101,3.63,3.63,3.63,3.63,0
GRN,20030101,2.1,2.1,2.1,2.1,0
HHH,20030101,24.8,24.8,24.8,24.8,0
IAF,20030101,5.91,5.91,5.91,5.91,0
ICF,20030101,40.775,40.775,40.775,40.775,0
IDU,20030101,47.88,47.88,47.88,47.88,0
IEV,20030101,23.74,23.74,23.74,23.74,0
IG,20030101,0.52,0.52,0.52,0.52,0
IGC,20030101,31.1,31.1,31.1,31.1,0
IGE,20030101,13.551,13.551,13.551,13.551,0
IGM,20030101,30.04,30.04,30.04,30.04,0
IGN,20030101,13.59,13.59,13.59,13.59,0
IGV,20030101,25.17,25.17,25.17,25.17,0
IHT,20030101,1.36,1.36,1.36,1.36,0
IJH,20030101,43.06,43.06,43.06,43.06,0
IJJ,20030101,19.9975,19.9975,19.9975,19.9975,0
IJK,20030101,11.4313,11.4313,11.4313,11.4313,0
IJR,20030101,16.2255,16.2255,16.2255,16.2255,0
IJS,20030101,18.1875,18.1875,18.1875,18.1875,0
ILF,20030101,7.318,7.318,7.318,7.318,0
IMO,20030101,9.557,9.557,9.557,9.557,0
IOO,20030101,22.15,22.15,22.15,22.15,0
IVE,20030101,43.03,43.03,43.03,43.03,0
IVV,20030101,88.35,88.35,88.35,88.35,0
IVW,20030101,11.2275,11.2275,11.2275,11.2275,0
IWB,20030101,46.72,46.72,46.72,46.72,0
IWD,20030101,45.86,45.86,45.86,45.86,0
IWF,20030101,36.36,36.36,36.36,36.36,0
IWM,20030101,37.905,37.905,37.905,37.905,0
IWN,20030101,37.13,37.13,37.13,37.13,0
IWO,20030101,39.85,39.85,39.85,39.85,0
IWP,20030101,25.85,25.85,25.85,25.85,0
IWR,20030101,12.1575,12.1575,12.1575,12.1575,0
IWS,20030101,22.827,22.827,22.827,22.827,0
IWV,20030101,48.96,48.96,48.96,48.96,0
IXC,20030101,15.218,15.218,15.218,15.218,0
IXG,20030101,42.86,42.86,42.86,42.86,0
IXJ,20030101,20.19,20.19,20.19,20.19,0
IXN,20030101,34.44,34.44,34.44,34.44,0
IXP,20030101,36.74,36.74,36.74,36.74,0
IYC,20030101,41.88,41.88,41.88,41.88,0
IYE,20030101,13.124,13.124,13.124,13.124,0
IYF,20030101,68.21,68.21,68.21,68.21,0
IYG,20030101,78.35,78.35,78.35,78.35,0
IYH,20030101,48.53,48.53,48.53,48.53,0
IYJ,20030101,37.43,37.43,37.43,37.43,0
IYK,20030101,40.65,40.65,40.65,40.65,0
IYM,20030101,34.43,34.43,34.43,34.43,0
IYR,20030101,38.65,38.65,38.65,38.65,0
IYW,20030101,32.5,32.5,32.5,32.5,0
IYY,20030101,41.02,41.02,41.02,41.02,0
IYZ,20030101,19.06,19.06,19.06,19.06,0
JOB,20030101,5,5,5,5,0
LGL,20030101,7.75,7.75,7.75,7.75,0
LNG,20030101,0.64,0.64,0.64,0.64,0
LQD,20030101,109.69,109.69,109.69,109.69,0
MDY,20030101,78.65,78.65,78.65,78.65,0
MLN,20030101,9.2,9.2,9.2,9.2,0
MNM,20030101,8.5,8.5,8.5,8.5,0
MSN,20030101,4.97,4.97,4.97,4.97,0
MXC,20030101,4,4,4,4,0
NBH,20030101,13.5,13.5,13.5,13.5,0
NBO,20030101,13.27,13.27,13.27,13.27,0
NBW,20030101,13.2,13.2,13.2,13.2,0
NBY,20030101,630,630,630,630,0
NEN,20030101,13.8833,13.8833,13.8833,13.8833,0
NG,20030101,3.28,3.28,3.28,3.28,0
NHC,20030101,17.5,17.5,17.5,17.5,0
NML,20030101,8.6,8.6,8.6,8.6,0
OEF,20030101,44.46,44.46,44.46,44.46,0
OIH,20030101,382,382,382,382,0
PCG-A,20030101,17.85,17.85,17.85,17.85,0
PCG-B,20030101,16.6,16.6,16.6,16.6,0
PCG-C,20030101,15.1,15.1,15.1,15.1,0
PCG-D,20030101,15,15,15,15,0
PCG-E,20030101,15.1,15.1,15.1,15.1,0
PCG-G,20030101,14.4,14.4,14.4,14.4,0
PCG-H,20030101,14.35,14.35,14.35,14.35,0
PCG-I,20030101,11.5,11.5,11.5,11.5,0
PGF,20030101,18.95,18.95,18.95,18.95,0
PRK,20030101,98.8,98.8,98.8,98.8,0
PTN,20030101,1.98,1.98,1.98,1.98,0
PW,20030101,9,9,9,9,0
PZA,20030101,1.19,1.19,1.19,1.19,0
RVP,20030101,3.8,3.8,3.8,3.8,0
RWR,20030101,38.721,38.721,38.721,38.721,0
SBB,20030101,39.04,39.04,39.04,39.04,0
SCC,20030101,268.8,268.8,268.8,268.8,0
SDP,20030101,301.44,301.44,301.44,301.44,0
SEB,20030101,242,242,242,242,0
SHM,20030101,0.38,0.38,0.38,0.38,0
SIF,20030101,2.5,2.5,2.5,2.5,0
SIL,20030101,44.4,44.4,44.4,44.4,0
SIM,20030101,0.9,0.9,0.9,0.9,0
SLI,20030101,5.3,5.3,5.3,5.3,0
SPY,20030101,88.23,88.23,88.23,88.23,0
SRS,20030101,219,219,219,219,0
SSY,20030101,2.39,2.39,2.39,2.39,0
SVT,20030101,3.55,3.55,3.55,3.55,0
TMP,20030101,40.09,40.09,40.09,40.09,0
TRT,20030101,2.24,2.24,2.24,2.24,0
UUU,20030101,4.785,4.785,4.785,4.785,0
VFL,20030101,15.3,15.3,15.3,15.3,0
VGZ,20030101,4.08,4.08,4.08,4.08,0
VKI,20030101,14.5,14.5,14.5,14.5,0
VTI,20030101,41.315,41.315,41.315,41.315,0
VXF,20030101,24.805,24.805,24.805,24.805,0
VYM,20030101,14.11,14.11,14.11,14.11,0
WTT,20030101,1.89,1.89,1.89,1.89,0
XLB,20030101,19.84,19.84,19.84,19.84,0
XLE,20030101,22.33,22.33,22.33,22.33,0
XLF,20030101,17.8862,17.8862,17.8862,17.8862,0
XLG,20030101,2.8,2.8,2.8,2.8,0
XLI,20030101,20.59,20.59,20.59,20.59,0
XLK,20030101,14.8,14.8,14.8,14.8,0
XLP,20030101,19.94,19.94,19.94,19.94,0
XLU,20030101,19.15,19.15,19.15,19.15,0
XLV,20030101,26.55,26.55,26.55,26.55,0
XLY,20030101,23.11,23.11,23.11,23.11,0
